
G:\powerProgrammer\keito>python KnightRoute.py
*****Route No. :1**********
(1,3) (3,4) (5,5) (7,6)

*****Route No. :2**********
(1,3) (3,4) (5,5) (6,7) (7,5)

*****Route No. :3**********
(1,3) (3,4) (5,5) (6,3) (7,5)

*****Route No. :4**********
(1,3) (3,4) (5,5) (6,3) (7,1)

*****Route No. :5**********
(1,3) (3,4) (5,5) (7,4)

*****Route No. :6**********
(1,3) (3,4) (4,6) (6,7) (7,5)

*****Route No. :7**********
(1,3) (3,4) (4,6) (5,4) (7,5)

*****Route No. :8**********
(1,3) (3,4) (4,6) (5,4) (6,6) (7,4)

*****Route No. :9**********
(1,3) (3,4) (4,6) (5,4) (6,2) (7,4)

*****Route No. :10**********
(1,3) (3,4) (4,6) (5,4) (6,2) (7,0)

*****Route No. :11**********
(1,3) (3,4) (4,6) (5,4) (7,3)

*****Route No. :12**********
(1,3) (3,4) (4,6) (6,5) (7,7)

*****Route No. :13**********
(1,3) (3,4) (4,6) (6,5) (7,3)

*****Route No. :14**********
(1,3) (3,4) (4,2) (6,3) (7,5)

*****Route No. :15**********
(1,3) (3,4) (4,2) (6,3) (7,1)

*****Route No. :16**********
(1,3) (3,4) (4,2) (5,4) (7,5)

*****Route No. :17**********
(1,3) (3,4) (4,2) (5,4) (6,6) (7,4)

*****Route No. :18**********
(1,3) (3,4) (4,2) (5,4) (6,2) (7,4)

*****Route No. :19**********
(1,3) (3,4) (4,2) (5,4) (6,2) (7,0)

*****Route No. :20**********
(1,3) (3,4) (4,2) (5,4) (7,3)

*****Route No. :21**********
(1,3) (3,4) (4,2) (5,0) (7,1)

*****Route No. :22**********
(1,3) (3,4) (4,2) (5,0) (6,2) (7,4)

*****Route No. :23**********
(1,3) (3,4) (4,2) (5,0) (6,2) (7,0)

*****Route No. :24**********
(1,3) (3,4) (4,2) (6,1) (7,3)

*****Route No. :25**********
(1,3) (3,4) (5,3) (7,4)

*****Route No. :26**********
(1,3) (3,4) (5,3) (6,5) (7,7)

*****Route No. :27**********
(1,3) (3,4) (5,3) (6,5) (7,3)

*****Route No. :28**********
(1,3) (3,4) (5,3) (6,1) (7,3)

*****Route No. :29**********
(1,3) (3,4) (5,3) (7,2)

*****Route No. :30**********
(1,3) (2,5) (4,6) (6,7) (7,5)

*****Route No. :31**********
(1,3) (2,5) (4,6) (5,4) (7,5)

*****Route No. :32**********
(1,3) (2,5) (4,6) (5,4) (6,6) (7,4)

*****Route No. :33**********
(1,3) (2,5) (4,6) (5,4) (6,2) (7,4)

*****Route No. :34**********
(1,3) (2,5) (4,6) (5,4) (6,2) (7,0)

*****Route No. :35**********
(1,3) (2,5) (4,6) (5,4) (7,3)

*****Route No. :36**********
(1,3) (2,5) (4,6) (6,5) (7,7)

*****Route No. :37**********
(1,3) (2,5) (4,6) (6,5) (7,3)

*****Route No. :38**********
(1,3) (2,5) (3,7) (4,5) (6,6) (7,4)

*****Route No. :39**********
(1,3) (2,5) (3,7) (4,5) (5,7) (6,5) (7,7)

*****Route No. :40**********
(1,3) (2,5) (3,7) (4,5) (5,7) (6,5) (7,3)

*****Route No. :41**********
(1,3) (2,5) (3,7) (4,5) (5,7) (7,6)

*****Route No. :42**********
(1,3) (2,5) (3,7) (4,5) (5,3) (7,4)

*****Route No. :43**********
(1,3) (2,5) (3,7) (4,5) (5,3) (6,5) (7,7)

*****Route No. :44**********
(1,3) (2,5) (3,7) (4,5) (5,3) (6,5) (7,3)

*****Route No. :45**********
(1,3) (2,5) (3,7) (4,5) (5,3) (6,1) (7,3)

*****Route No. :46**********
(1,3) (2,5) (3,7) (4,5) (5,3) (7,2)

*****Route No. :47**********
(1,3) (2,5) (3,7) (4,5) (6,4) (7,6)

*****Route No. :48**********
(1,3) (2,5) (3,7) (4,5) (6,4) (7,2)

*****Route No. :49**********
(1,3) (2,5) (3,7) (5,6) (7,7)

*****Route No. :50**********
(1,3) (2,5) (3,7) (5,6) (6,4) (7,6)

*****Route No. :51**********
(1,3) (2,5) (3,7) (5,6) (6,4) (7,2)

*****Route No. :52**********
(1,3) (2,5) (3,7) (5,6) (7,5)

*****Route No. :53**********
(1,3) (2,5) (3,3) (5,4) (7,5)

*****Route No. :54**********
(1,3) (2,5) (3,3) (5,4) (6,6) (7,4)

*****Route No. :55**********
(1,3) (2,5) (3,3) (5,4) (6,2) (7,4)

*****Route No. :56**********
(1,3) (2,5) (3,3) (5,4) (6,2) (7,0)

*****Route No. :57**********
(1,3) (2,5) (3,3) (5,4) (7,3)

*****Route No. :58**********
(1,3) (2,5) (3,3) (4,5) (6,6) (7,4)

*****Route No. :59**********
(1,3) (2,5) (3,3) (4,5) (5,7) (6,5) (7,7)

*****Route No. :60**********
(1,3) (2,5) (3,3) (4,5) (5,7) (6,5) (7,3)

*****Route No. :61**********
(1,3) (2,5) (3,3) (4,5) (5,7) (7,6)

*****Route No. :62**********
(1,3) (2,5) (3,3) (4,5) (5,3) (7,4)

*****Route No. :63**********
(1,3) (2,5) (3,3) (4,5) (5,3) (6,5) (7,7)

*****Route No. :64**********
(1,3) (2,5) (3,3) (4,5) (5,3) (6,5) (7,3)

*****Route No. :65**********
(1,3) (2,5) (3,3) (4,5) (5,3) (6,1) (7,3)

*****Route No. :66**********
(1,3) (2,5) (3,3) (4,5) (5,3) (7,2)

*****Route No. :67**********
(1,3) (2,5) (3,3) (4,5) (6,4) (7,6)

*****Route No. :68**********
(1,3) (2,5) (3,3) (4,5) (6,4) (7,2)

*****Route No. :69**********
(1,3) (2,5) (3,3) (4,1) (6,2) (7,4)

*****Route No. :70**********
(1,3) (2,5) (3,3) (4,1) (6,2) (7,0)

*****Route No. :71**********
(1,3) (2,5) (3,3) (4,1) (5,3) (7,4)

*****Route No. :72**********
(1,3) (2,5) (3,3) (4,1) (5,3) (6,5) (7,7)

*****Route No. :73**********
(1,3) (2,5) (3,3) (4,1) (5,3) (6,5) (7,3)

*****Route No. :74**********
(1,3) (2,5) (3,3) (4,1) (5,3) (6,1) (7,3)

*****Route No. :75**********
(1,3) (2,5) (3,3) (4,1) (5,3) (7,2)

*****Route No. :76**********
(1,3) (2,5) (3,3) (4,1) (6,0) (7,2)

*****Route No. :77**********
(1,3) (2,5) (3,3) (5,2) (7,3)

*****Route No. :78**********
(1,3) (2,5) (3,3) (5,2) (6,4) (7,6)

*****Route No. :79**********
(1,3) (2,5) (3,3) (5,2) (6,4) (7,2)

*****Route No. :80**********
(1,3) (2,5) (3,3) (5,2) (6,0) (7,2)

*****Route No. :81**********
(1,3) (2,5) (3,3) (5,2) (7,1)

*****Route No. :82**********
(1,3) (2,5) (4,4) (6,5) (7,7)

*****Route No. :83**********
(1,3) (2,5) (4,4) (6,5) (7,3)

*****Route No. :84**********
(1,3) (2,5) (4,4) (5,6) (7,7)

*****Route No. :85**********
(1,3) (2,5) (4,4) (5,6) (6,4) (7,6)

*****Route No. :86**********
(1,3) (2,5) (4,4) (5,6) (6,4) (7,2)

*****Route No. :87**********
(1,3) (2,5) (4,4) (5,6) (7,5)

*****Route No. :88**********
(1,3) (2,5) (4,4) (5,2) (7,3)

*****Route No. :89**********
(1,3) (2,5) (4,4) (5,2) (6,4) (7,6)

*****Route No. :90**********
(1,3) (2,5) (4,4) (5,2) (6,4) (7,2)

*****Route No. :91**********
(1,3) (2,5) (4,4) (5,2) (6,0) (7,2)

*****Route No. :92**********
(1,3) (2,5) (4,4) (5,2) (7,1)

*****Route No. :93**********
(1,3) (2,5) (4,4) (6,3) (7,5)

*****Route No. :94**********
(1,3) (2,5) (4,4) (6,3) (7,1)

*****Route No. :95**********
(1,3) (2,1) (4,2) (6,3) (7,5)

*****Route No. :96**********
(1,3) (2,1) (4,2) (6,3) (7,1)

*****Route No. :97**********
(1,3) (2,1) (4,2) (5,4) (7,5)

*****Route No. :98**********
(1,3) (2,1) (4,2) (5,4) (6,6) (7,4)

*****Route No. :99**********
(1,3) (2,1) (4,2) (5,4) (6,2) (7,4)

*****Route No. :100**********
(1,3) (2,1) (4,2) (5,4) (6,2) (7,0)

*****Route No. :101**********
(1,3) (2,1) (4,2) (5,4) (7,3)

*****Route No. :102**********
(1,3) (2,1) (4,2) (5,0) (7,1)

*****Route No. :103**********
(1,3) (2,1) (4,2) (5,0) (6,2) (7,4)

*****Route No. :104**********
(1,3) (2,1) (4,2) (5,0) (6,2) (7,0)

*****Route No. :105**********
(1,3) (2,1) (4,2) (6,1) (7,3)

*****Route No. :106**********
(1,3) (2,1) (3,3) (5,4) (7,5)

*****Route No. :107**********
(1,3) (2,1) (3,3) (5,4) (6,6) (7,4)

*****Route No. :108**********
(1,3) (2,1) (3,3) (5,4) (6,2) (7,4)

*****Route No. :109**********
(1,3) (2,1) (3,3) (5,4) (6,2) (7,0)

*****Route No. :110**********
(1,3) (2,1) (3,3) (5,4) (7,3)

*****Route No. :111**********
(1,3) (2,1) (3,3) (4,5) (6,6) (7,4)

*****Route No. :112**********
(1,3) (2,1) (3,3) (4,5) (5,7) (6,5) (7,7)

*****Route No. :113**********
(1,3) (2,1) (3,3) (4,5) (5,7) (6,5) (7,3)

*****Route No. :114**********
(1,3) (2,1) (3,3) (4,5) (5,7) (7,6)

*****Route No. :115**********
(1,3) (2,1) (3,3) (4,5) (5,3) (7,4)

*****Route No. :116**********
(1,3) (2,1) (3,3) (4,5) (5,3) (6,5) (7,7)

*****Route No. :117**********
(1,3) (2,1) (3,3) (4,5) (5,3) (6,5) (7,3)

*****Route No. :118**********
(1,3) (2,1) (3,3) (4,5) (5,3) (6,1) (7,3)

*****Route No. :119**********
(1,3) (2,1) (3,3) (4,5) (5,3) (7,2)

*****Route No. :120**********
(1,3) (2,1) (3,3) (4,5) (6,4) (7,6)

*****Route No. :121**********
(1,3) (2,1) (3,3) (4,5) (6,4) (7,2)

*****Route No. :122**********
(1,3) (2,1) (3,3) (4,1) (6,2) (7,4)

*****Route No. :123**********
(1,3) (2,1) (3,3) (4,1) (6,2) (7,0)

*****Route No. :124**********
(1,3) (2,1) (3,3) (4,1) (5,3) (7,4)

*****Route No. :125**********
(1,3) (2,1) (3,3) (4,1) (5,3) (6,5) (7,7)

*****Route No. :126**********
(1,3) (2,1) (3,3) (4,1) (5,3) (6,5) (7,3)

*****Route No. :127**********
(1,3) (2,1) (3,3) (4,1) (5,3) (6,1) (7,3)

*****Route No. :128**********
(1,3) (2,1) (3,3) (4,1) (5,3) (7,2)

*****Route No. :129**********
(1,3) (2,1) (3,3) (4,1) (6,0) (7,2)

*****Route No. :130**********
(1,3) (2,1) (3,3) (5,2) (7,3)

*****Route No. :131**********
(1,3) (2,1) (3,3) (5,2) (6,4) (7,6)

*****Route No. :132**********
(1,3) (2,1) (3,3) (5,2) (6,4) (7,2)

*****Route No. :133**********
(1,3) (2,1) (3,3) (5,2) (6,0) (7,2)

*****Route No. :134**********
(1,3) (2,1) (3,3) (5,2) (7,1)

*****Route No. :135**********
(1,3) (2,1) (4,0) (6,1) (7,3)

*****Route No. :136**********
(1,3) (2,1) (4,0) (5,2) (7,3)

*****Route No. :137**********
(1,3) (2,1) (4,0) (5,2) (6,4) (7,6)

*****Route No. :138**********
(1,3) (2,1) (4,0) (5,2) (6,4) (7,2)

*****Route No. :139**********
(1,3) (2,1) (4,0) (5,2) (6,0) (7,2)

*****Route No. :140**********
(1,3) (2,1) (4,0) (5,2) (7,1)

*****Route No. :141**********
(1,3) (3,2) (5,3) (7,4)

*****Route No. :142**********
(1,3) (3,2) (5,3) (6,5) (7,7)

*****Route No. :143**********
(1,3) (3,2) (5,3) (6,5) (7,3)

*****Route No. :144**********
(1,3) (3,2) (5,3) (6,1) (7,3)

*****Route No. :145**********
(1,3) (3,2) (5,3) (7,2)

*****Route No. :146**********
(1,3) (3,2) (4,4) (6,5) (7,7)

*****Route No. :147**********
(1,3) (3,2) (4,4) (6,5) (7,3)

*****Route No. :148**********
(1,3) (3,2) (4,4) (5,6) (7,7)

*****Route No. :149**********
(1,3) (3,2) (4,4) (5,6) (6,4) (7,6)

*****Route No. :150**********
(1,3) (3,2) (4,4) (5,6) (6,4) (7,2)

*****Route No. :151**********
(1,3) (3,2) (4,4) (5,6) (7,5)

*****Route No. :152**********
(1,3) (3,2) (4,4) (5,2) (7,3)

*****Route No. :153**********
(1,3) (3,2) (4,4) (5,2) (6,4) (7,6)

*****Route No. :154**********
(1,3) (3,2) (4,4) (5,2) (6,4) (7,2)

*****Route No. :155**********
(1,3) (3,2) (4,4) (5,2) (6,0) (7,2)

*****Route No. :156**********
(1,3) (3,2) (4,4) (5,2) (7,1)

*****Route No. :157**********
(1,3) (3,2) (4,4) (6,3) (7,5)

*****Route No. :158**********
(1,3) (3,2) (4,4) (6,3) (7,1)

*****Route No. :159**********
(1,3) (3,2) (4,0) (6,1) (7,3)

*****Route No. :160**********
(1,3) (3,2) (4,0) (5,2) (7,3)

*****Route No. :161**********
(1,3) (3,2) (4,0) (5,2) (6,4) (7,6)

*****Route No. :162**********
(1,3) (3,2) (4,0) (5,2) (6,4) (7,2)

*****Route No. :163**********
(1,3) (3,2) (4,0) (5,2) (6,0) (7,2)

*****Route No. :164**********
(1,3) (3,2) (4,0) (5,2) (7,1)

*****Route No. :165**********
(1,3) (3,2) (5,1) (7,2)

*****Route No. :166**********
(1,3) (3,2) (5,1) (6,3) (7,5)

*****Route No. :167**********
(1,3) (3,2) (5,1) (6,3) (7,1)

*****Route No. :168**********
(1,3) (3,2) (5,1) (7,0)

**************************************************
There are 168 from source to destination for a knight
**************************************************